0 0.57457 0.402282 0.368717 0.358796 0.958834
0 0.57457 0.402282 0.368717 0.358796 0.958834
0 0.57457 0.402282 0.368717 0.358796 0.958834
0 0.57457 0.402282 0.368717 0.358796 0.958834
0 0.57457 0.402282 0.368717 0.358796 0.958834
0 0.57457 0.402282 0.368717 0.358796 0.958834
0 0.57457 0.402282 0.368717 0.358796 0.958834
0 0.57457 0.402282 0.368717 0.358796 0.958834
0 0.57457 0.402282 0.368717 0.358796 0.958834
0 0.57457 0.402282 0.368717 0.358796 0.958834
0 0.57457 0.402282 0.368717 0.358796 0.958834
0 0.57457 0.402282 0.368717 0.358796 0.958834
0 0.57457 0.402282 0.368717 0.358796 0.958834
